# oST version 5.0 parameters


[image]

width
640

height
360

[narrow_stereo]

camera matrix
565.415227 0.000000 340.515549
0.000000 565.243039 166.599999
0.000000 0.000000 1.000000

distortion
-0.503659 0.248026 0.001141 0.000354 0.000000

rectification
1.000000 0.000000 0.000000
0.000000 1.000000 0.000000
0.000000 0.000000 1.000000

projection
458.883545 0.000000 349.468457 0.000000
0.000000 532.399414 164.784462 0.000000
0.000000 0.000000 1.000000 0.000000
