D =  [-0.5036594545242221, 0.24802569677207545, 0.0011414441532406063, 0.0003536814228270777, 0.0]
K =  [565.4152272746774, 0.0, 340.51554870332063, 0.0, 565.243039349203, 166.59999881045377, 0.0, 0.0, 1.0]
R =  [1.0, 0.0, 0.0, 0.0, 1.0, 0.0, 0.0, 0.0, 1.0]
P =  [458.883544921875, 0.0, 349.46845701108396, 0.0, 0.0, 532.3994140625, 164.78446191339754, 0.0, 0.0, 0.0, 1.0, 0.0]

# oST version 5.0 parameters


[image]

width
640

height
360

[narrow_stereo]

camera matrix
565.415227 0.000000 340.515549
0.000000 565.243039 166.599999
0.000000 0.000000 1.000000

distortion
-0.503659 0.248026 0.001141 0.000354 0.000000

rectification
1.000000 0.000000 0.000000
0.000000 1.000000 0.000000
0.000000 0.000000 1.000000

projection
458.883545 0.000000 349.468457 0.000000
0.000000 532.399414 164.784462 0.000000
0.000000 0.000000 1.000000 0.000000
